-11 7.105428E-17 -16 -11 1.776357E-17 -4 -11 1.776357E-17 -4
-11 7.105428E-17 -16 -11 -1.776357E-17 4 -11 -1.776357E-17 4
-11 7.105428E-17 -16 -11 -7.105428E-17 16 -11 -7.105428E-17 16
-11 7.105428E-17 -16 11 7.105428E-17 -16 11 7.105428E-17 -16
-11 7.105428E-17 -16 11 1.776357E-17 -4 11 7.105428E-17 -16
11 7.105428E-17 -16 11 1.776357E-17 -4 11 1.776357E-17 -4
-11 7.105428E-17 -16 11 -1.776357E-17 4 -11 1.776357E-17 -4
-11 1.776357E-17 -4 11 -1.776357E-17 4 11 -1.776357E-17 4
-11 7.105428E-17 -16 11 -7.105428E-17 16 -11 1.776357E-17 -4
-11 1.776357E-17 -4 11 -7.105428E-17 16 11 -1.776357E-17 4
11 -1.776357E-17 4 11 -7.105428E-17 16 11 -7.105428E-17 16
-11 7.105428E-17 -16 25 0 25 -11 1.776357E-17 -4
-11 1.776357E-17 -4 25 0 25 11 -1.776357E-17 4
11 -1.776357E-17 4 25 0 25 25 0 25
-11 7.105428E-17 -16 -25 0 -25 -25 0 -25
-11 7.105428E-17 -16 -25 0 25 -25 0 25
-11 7.105428E-17 -16 25 0 -25 25 0 -25
-11 1.776357E-17 -4 -11 7.105428E-17 -16 -11 7.105428E-17 -16
-11 1.776357E-17 -4 -11 -1.776357E-17 4 -11 -1.776357E-17 4
-11 1.776357E-17 -4 -11 -7.105428E-17 16 -11 -7.105428E-17 16
-11 1.776357E-17 -4 11 7.105428E-17 -16 11 1.776357E-17 -4
11 1.776357E-17 -4 11 7.105428E-17 -16 11 7.105428E-17 -16
-11 1.776357E-17 -4 11 1.776357E-17 -4 11 1.776357E-17 -4
-11 1.776357E-17 -4 -25 0 -25 -25 0 -25
-11 1.776357E-17 -4 -25 0 25 -25 0 25
-11 1.776357E-17 -4 25 0 -25 11 1.776357E-17 -4
11 1.776357E-17 -4 25 0 -25 25 0 -25
-11 -1.776357E-17 4 -11 7.105428E-17 -16 -11 7.105428E-17 -16
-11 -1.776357E-17 4 -11 1.776357E-17 -4 -11 1.776357E-17 -4
-11 -1.776357E-17 4 -11 -7.105428E-17 16 -11 -7.105428E-17 16
-11 -1.776357E-17 4 11 7.105428E-17 -16 11 1.776357E-17 -4
-11 -1.776357E-17 4 11 1.776357E-17 -4 11 1.776357E-17 -4
-11 -1.776357E-17 4 11 -1.776357E-17 4 11 -1.776357E-17 4
-11 -1.776357E-17 4 11 -7.105428E-17 16 11 -1.776357E-17 4
-11 -1.776357E-17 4 25 0 25 11 -1.776357E-17 4
-11 -1.776357E-17 4 -25 0 -25 -25 0 -25
-11 -1.776357E-17 4 -25 0 25 -25 0 25
-11 -1.776357E-17 4 25 0 -25 11 1.776357E-17 -4
-11 -7.105428E-17 16 -11 7.105428E-17 -16 -11 7.105428E-17 -16
-11 -7.105428E-17 16 -11 1.776357E-17 -4 -11 1.776357E-17 -4
-11 -7.105428E-17 16 -11 -1.776357E-17 4 -11 -1.776357E-17 4
-11 -7.105428E-17 16 11 7.105428E-17 -16 -11 -1.776357E-17 4
-11 -7.105428E-17 16 11 1.776357E-17 -4 -11 -1.776357E-17 4
-11 -7.105428E-17 16 11 -1.776357E-17 4 11 -7.105428E-17 16
11 -7.105428E-17 16 11 -1.776357E-17 4 11 -1.776357E-17 4
-11 -7.105428E-17 16 11 -7.105428E-17 16 11 -7.105428E-17 16
-11 -7.105428E-17 16 25 0 25 25 0 25
-11 -7.105428E-17 16 -25 0 -25 -25 0 -25
-11 -7.105428E-17 16 -25 0 25 -25 0 25
-11 -7.105428E-17 16 25 0 -25 -11 -1.776357E-17 4
11 7.105428E-17 -16 -11 7.105428E-17 -16 -11 7.105428E-17 -16
11 7.105428E-17 -16 -11 1.776357E-17 -4 -11 7.105428E-17 -16
11 7.105428E-17 -16 -11 -1.776357E-17 4 11 1.776357E-17 -4
11 1.776357E-17 -4 -11 -1.776357E-17 4 -11 -1.776357E-17 4
11 7.105428E-17 -16 -11 -7.105428E-17 16 11 1.776357E-17 -4
11 1.776357E-17 -4 -11 -7.105428E-17 16 -11 -1.776357E-17 4
11 7.105428E-17 -16 11 -1.776357E-17 4 11 -1.776357E-17 4
11 7.105428E-17 -16 11 -7.105428E-17 16 11 -7.105428E-17 16
11 7.105428E-17 -16 25 0 25 25 0 25
11 7.105428E-17 -16 -25 0 -25 -25 0 -25
11 7.105428E-17 -16 -25 0 25 11 1.776357E-17 -4
11 1.776357E-17 -4 -25 0 25 -11 -1.776357E-17 4
11 7.105428E-17 -16 25 0 -25 25 0 -25
11 1.776357E-17 -4 -11 7.105428E-17 -16 -11 1.776357E-17 -4
11 1.776357E-17 -4 -11 1.776357E-17 -4 -11 1.776357E-17 -4
11 1.776357E-17 -4 11 -1.776357E-17 4 11 -1.776357E-17 4
11 1.776357E-17 -4 11 -7.105428E-17 16 11 -7.105428E-17 16
11 1.776357E-17 -4 25 0 25 25 0 25
11 1.776357E-17 -4 -25 0 -25 -11 1.776357E-17 -4
11 -1.776357E-17 4 -11 7.105428E-17 -16 -11 1.776357E-17 -4
11 -1.776357E-17 4 -11 1.776357E-17 -4 -11 1.776357E-17 -4
11 -1.776357E-17 4 -11 -1.776357E-17 4 -11 -1.776357E-17 4
11 -1.776357E-17 4 -11 -7.105428E-17 16 -11 -1.776357E-17 4
11 -1.776357E-17 4 11 7.105428E-17 -16 11 7.105428E-17 -16
11 -1.776357E-17 4 11 1.776357E-17 -4 11 1.776357E-17 -4
11 -1.776357E-17 4 -25 0 -25 -11 1.776357E-17 -4
11 -1.776357E-17 4 -25 0 25 -11 -1.776357E-17 4
11 -1.776357E-17 4 25 0 -25 25 0 -25
11 -7.105428E-17 16 -11 7.105428E-17 -16 11 -1.776357E-17 4
11 -7.105428E-17 16 -11 1.776357E-17 -4 11 -1.776357E-17 4
11 -7.105428E-17 16 -11 -1.776357E-17 4 -11 -7.105428E-17 16
11 -7.105428E-17 16 -11 -7.105428E-17 16 -11 -7.105428E-17 16
11 -7.105428E-17 16 11 7.105428E-17 -16 11 7.105428E-17 -16
11 -7.105428E-17 16 11 1.776357E-17 -4 11 1.776357E-17 -4
11 -7.105428E-17 16 25 0 25 25 0 25
11 -7.105428E-17 16 -25 0 -25 11 -1.776357E-17 4
11 -7.105428E-17 16 -25 0 25 -25 0 25
11 -7.105428E-17 16 25 0 -25 25 0 -25
25 0 25 -11 7.105428E-17 -16 11 -1.776357E-17 4
25 0 25 -11 1.776357E-17 -4 11 -1.776357E-17 4
25 0 25 -11 -1.776357E-17 4 11 -1.776357E-17 4
25 0 25 -11 -7.105428E-17 16 -11 -7.105428E-17 16
25 0 25 11 7.105428E-17 -16 11 7.105428E-17 -16
25 0 25 11 1.776357E-17 -4 11 1.776357E-17 -4
25 0 25 11 -1.776357E-17 4 11 -1.776357E-17 4
25 0 25 11 -7.105428E-17 16 11 -7.105428E-17 16
25 0 25 -25 0 -25 11 -1.776357E-17 4
25 0 25 -25 0 25 -25 0 25
25 0 25 25 0 -25 25 0 -25
-25 0 -25 -11 7.105428E-17 -16 -11 7.105428E-17 -16
-25 0 -25 -11 1.776357E-17 -4 -11 1.776357E-17 -4
-25 0 -25 -11 -1.776357E-17 4 -11 -1.776357E-17 4
-25 0 -25 -11 -7.105428E-17 16 -11 -7.105428E-17 16
-25 0 -25 11 7.105428E-17 -16 11 7.105428E-17 -16
-25 0 -25 11 1.776357E-17 -4 -11 1.776357E-17 -4
-25 0 -25 11 -1.776357E-17 4 -11 1.776357E-17 -4
-25 0 -25 11 -7.105428E-17 16 -11 1.776357E-17 -4
-25 0 -25 25 0 25 -11 1.776357E-17 -4
-25 0 -25 -25 0 25 -25 0 25
-25 0 -25 25 0 -25 25 0 -25
-25 0 25 -11 7.105428E-17 -16 -11 7.105428E-17 -16
-25 0 25 -11 1.776357E-17 -4 -11 1.776357E-17 -4
-25 0 25 -11 -1.776357E-17 4 -11 -1.776357E-17 4
-25 0 25 -11 -7.105428E-17 16 -11 -7.105428E-17 16
-25 0 25 11 7.105428E-17 -16 -11 -1.776357E-17 4
-25 0 25 11 1.776357E-17 -4 -11 -1.776357E-17 4
-25 0 25 11 -1.776357E-17 4 -11 -1.776357E-17 4
-25 0 25 11 -7.105428E-17 16 11 -7.105428E-17 16
-25 0 25 25 0 25 25 0 25
-25 0 25 -25 0 -25 -25 0 -25
-25 0 25 25 0 -25 -11 -1.776357E-17 4
25 0 -25 -11 7.105428E-17 -16 -11 7.105428E-17 -16
25 0 -25 -11 1.776357E-17 -4 11 1.776357E-17 -4
25 0 -25 -11 -1.776357E-17 4 11 1.776357E-17 -4
25 0 -25 -11 -7.105428E-17 16 11 1.776357E-17 -4
25 0 -25 11 7.105428E-17 -16 11 7.105428E-17 -16
25 0 -25 11 1.776357E-17 -4 11 1.776357E-17 -4
25 0 -25 11 -1.776357E-17 4 11 -1.776357E-17 4
25 0 -25 11 -7.105428E-17 16 11 -7.105428E-17 16
25 0 -25 25 0 25 25 0 25
25 0 -25 -25 0 -25 -25 0 -25
25 0 -25 -25 0 25 11 1.776357E-17 -4